O1Region,O2Region,WOY,AAR median,AAR Q1,AAR Q3,ELA_from_AAR_m median,ELA_from_AAR_m Q1,ELA_from_AAR_m Q3,Cumulative_Positive_Degree_Days median,Cumulative_Positive_Degree_Days Q1,Cumulative_Positive_Degree_Days Q3,Cumulative_Snowfall_mwe median,Cumulative_Snowfall_mwe Q1,Cumulative_Snowfall_mwe Q3
1.0,2.0,17,0.98954165,0.9555752750000001,0.9973266375000001,1107.6776513671875,908.9457654785156,1274.66846015625,1.211512707349143,0.0,1.8101706662689774,0.3205790738892698,0.25987763736919856,0.42232848285116975
1.0,2.0,18,0.984306335,0.95417675,0.9958695375,714.5278249999999,234.178655,1116.7388,0.0,0.0,1.9726601161921664,0.9680627593666882,0.4235305630377665,1.1697956255978017
1.0,2.0,19,0.97292393,0.9212361,0.99340606,862.03857421875,293.6093955670312,1170.4596,0.0,0.0,1.490770929104592,0.6965536311455786,0.4742134199793284,1.1480750431654996
1.0,2.0,20,0.9636413749999999,0.91918225,0.9900607,867.209385,334.18050000000005,1189.822025,3.249540987299692,0.0,13.870471004900658,0.9448481844640433,0.4766810390723652,1.18428516284288
1.0,2.0,21,0.9496567,0.8900812,0.9858231,652.149,329.99,1258.7849878527347,8.64984400462911,2.45084461137295,27.172127089027356,0.96931376778192,0.4789613991989295,1.2333578979144466
1.0,2.0,22,0.92354165,0.8557647075,0.97109575,590.5875720214844,379.3442,1153.19,32.38026274533945,9.816550820167503,72.1198193268369,1.0281933816938469,0.5738136639744084,1.270939504814401
1.0,2.0,23,0.9023615,0.82310477,0.958055925,836.26,432.177465,1375.6865,43.74311631481187,11.256290837029201,81.74459647340012,0.9789063758191924,0.5371219696777219,1.3198072472777187
1.0,2.0,24,0.8405126,0.7304205,0.9454656,1038.8617,566.59,1445.9,66.94968297965171,32.237671976587336,126.62442030049024,1.0453021616450966,0.5202302279966483,1.369397407102558
1.0,2.0,25,0.77027548,0.6367748325,0.896314125,1405.5286,694.858105,1719.7620499999998,113.2495086143565,36.53426082858902,170.96497896827665,0.8634745034962898,0.556280226279686,1.3582505694150864
1.0,2.0,26,0.7315788249999999,0.55995686,0.8875528125,1468.37875,847.1800000000001,1747.89835,144.97513040856137,58.87350818481726,231.11637080042274,0.8338823538618902,0.573905250025603,1.5173379563730125
1.0,2.0,27,0.6633097299999999,0.491269615,0.80038175,1556.11065,959.98,1885.848775,180.40497799000252,77.25080337933957,288.16411851041755,0.873383493289329,0.6537403140173477,1.4512279332927585
1.0,2.0,28,0.68394837,0.5307340875,0.80511503,1154.615,963.945015,1708.643375,270.479675411402,169.0964539126953,366.44671184441785,1.2070338153477629,0.8401337539622242,1.4615987806092126
1.0,2.0,29,0.5889313,0.4358730275,0.7472102625,1717.1473,1081.1725,1969.6649,234.2442171125978,102.50667174061513,381.6369307445319,0.967754068412719,0.747784739926622,1.4238926391191462
1.0,2.0,30,0.543642075,0.4079243775,0.6694165375,1668.1515737743575,1198.2875,1978.7955749999999,288.8884475457169,146.48930181534945,489.6922810451724,1.1316947453075823,0.8126609957454425,1.4273215807964996
1.0,2.0,31,0.48822486499999995,0.330684935,0.6251483375,1828.47305,1232.8175,2082.52695,308.11987018233833,167.29864470590644,516.2657445151514,0.954652739729077,0.6716452788996986,1.4315408654944761
1.0,2.0,32,0.46079521,0.3247939775,0.57944291,1429.4689,1239.01,1912.839875,564.7105357396317,343.2770134200787,708.0891606812681,1.4025237414469942,0.9279823556359386,1.6391040027623702
1.0,2.0,33,0.50353972,0.342492505,0.6332349749999999,1489.245,1270.935,1764.5545749999999,543.9262613359093,321.15545084831336,663.0298472987744,1.4080664610746447,0.9861592868361811,1.6422140762689637
1.0,2.0,34,0.49440346,0.370361685,0.6647832124999999,1448.955,1261.1025,1727.84,548.0614442808462,305.5677730179102,765.6594330628214,1.4382688117457438,0.9829047461267402,1.7022312024020096
1.0,2.0,35,0.5244325400000001,0.3655586925,0.6766463,1494.83555,1276.47465,1842.2245249999999,510.6357073022859,307.66228961758776,751.167190696604,1.4180859170955489,0.9612380110437666,1.67554975618367
1.0,2.0,36,0.60867375,0.47860115000000003,0.75783338,1499.6,1258.5941,1786.9784,406.9318581769184,266.6907072440289,618.6748235426965,1.1343087808601804,0.8894065062324658,1.6358644244861846
1.0,2.0,37,0.66056645,0.48459259,0.824915635,1276.65,1085.775,1513.9515999999999,541.4682996898324,359.87942501407105,776.8441786176047,1.487759626898247,1.1100629801583843,1.797349741046765
1.0,2.0,38,0.89734008,0.69665602,0.987628955,1173.0131999999999,1052.3375,1413.7726,411.81535125049686,302.1760320149808,665.356965181249,1.2936074926637624,0.8384703513324389,1.4969898695137562
1.0,2.0,39,0.870315,0.7489228,0.965010555,1135.2876,941.7097708139484,1321.9418,464.3253504816852,318.8660610919525,727.3046814041139,1.166417274282235,0.8347341457179711,1.6629006313384096
1.0,2.0,40,0.8791855,0.7344686,0.95581836,1016.24677,875.0,1283.4104,455.3130743316603,315.37315056623527,775.1711051303621,0.0189044117167305,0.0029993969859592,0.0394610448941224
1.0,2.0,41,0.9505843,0.85529829,0.9845195099999999,966.6086,663.608735,1176.1392,537.162012831648,388.3995593588062,820.9363331105089,0.04749373708025415,0.03123566484240055,0.0832566913327374
1.0,2.0,42,0.969752,0.9002177225,0.990776025,866.8048982658477,557.245,1093.5702479492188,566.5684596549376,359.0930246413681,851.4876861456862,0.0900110114469076,0.05511336572310878,0.12007052923486063
1.0,2.0,43,0.9808703,0.9422300349999999,0.9934384300000001,868.1704711914062,365.66103764138757,1119.5199,455.3130743316603,283.49248270059206,823.8184006143513,0.1147718271983736,0.0662224555726505,0.14747641215839866
1.0,2.0,44,0.984835235,0.95040824,0.993667925,736.5118786621094,384.2397002274872,939.96,641.5604909299827,366.7260853137856,860.8997002710914,0.1757473863603816,0.06893036513234488,0.2370795785008138
1.0,3.0,17,1.0,1.0,1.0,745.9385070800781,673.9484710693359,817.9285430908203,0.0,0.0,0.0,1.089156639034992,1.0873293115881402,1.090983966481844
1.0,3.0,18,0.99042995,0.9661082375000001,0.9984722875,471.0564481658081,308.63617999999997,671.23,0.0,0.0,1.5413037619862102,1.2967332323280103,1.1098901337597629,1.511447532732639
1.0,3.0,19,0.9813796,0.959291905,0.99424064,514.4817,348.520975,715.63355,0.1442671855003867,0.0,2.3495226229512003,1.1434769159288134,0.9728718097462867,1.4321942391538391
1.0,3.0,20,0.9782622000000001,0.92837596,0.99456057,573.25105,389.338035,781.0482910274047,0.7488218595054503,0.0,5.143221588220536,1.3060071645619706,1.122081882858257,1.5290168801352855
1.0,3.0,21,0.9642943,0.910147,0.9897928,564.2568976056639,364.73325,781.8628665884643,10.904834824739824,3.693614514865612,19.88685815778771,1.3863813978157484,1.1513725416505864,1.5821967142055575
1.0,3.0,22,0.93919515,0.858851365,0.983726715,621.6009033203125,366.714645,839.6865956239747,30.441904303228384,9.775528497907004,57.045548342975906,1.3470900652535054,1.1326938771936397,1.5860346591168708
1.0,3.0,23,0.95439065,0.8764403,0.9841108,618.0208,446.73,781.31,49.263719942885366,24.273787983801206,91.59374471359692,1.3664510148436138,1.1597742848557775,1.5993906537274878
1.0,3.0,24,0.9347621,0.86763173,0.9726393,659.88696,499.6377,820.76,48.48681783691744,34.974245691616666,85.32384687208135,1.47939326573088,1.2696757883908434,1.671207660201742
1.0,3.0,25,0.91679305,0.851028015,0.97145868,669.8606884728712,558.81597,832.508455,105.15929769664696,62.07845118760829,167.72765088673088,1.2940404208857534,1.1484400818945153,1.5790887230703357
1.0,3.0,26,0.861929725,0.764658975,0.9414188,730.23,583.969125,952.5030903590759,144.27584723148152,104.16585418323425,210.06270693836558,1.5718529180532643,1.36659858988422,1.8891778135098487
1.0,3.0,27,0.85471445,0.75016317,0.9288449750000001,733.02,639.3199999999999,910.892675,203.36805487815585,148.09531489976027,258.85811804392256,1.542653455102874,1.3295650513598276,1.7162268414550095
1.0,3.0,28,0.8035896,0.697051,0.92255449,787.6389,638.82515,980.28928,233.7139341011705,164.83114586747152,289.5067072662242,1.4645224656291873,1.1861514491547422,1.7019625462267174
1.0,3.0,29,0.790601535,0.6426320775000001,0.89515518,817.8505700000001,714.96465,1059.3330236122376,234.095587502224,178.01102689978302,335.4277776285987,1.4385649642855165,1.2500402963436734,1.6586271061351858
1.0,3.0,30,0.68367475,0.562783,0.783729415,896.75,699.84532,1164.4250000000002,367.49120294773,281.76583134921714,468.28325993016784,1.701395242914136,1.414078685335017,1.9487670993039776
1.0,3.0,31,0.6571368,0.51948655,0.8153929799999999,970.4321,723.6915200000001,1222.745,422.01188564561886,321.8137787296437,518.3712380586553,1.6821249221841297,1.4819255900279837,1.8634709231711184
1.0,3.0,32,0.731547025,0.57472538,0.8077942524999999,883.42992,775.0767825,1144.5249999999999,503.2921521893056,369.50490565636125,570.00944457387,1.6543779813974435,1.435267584412525,1.948122563308116
1.0,3.0,33,0.54086787,0.36398617499999997,0.699325765,1004.41113,851.4147800000001,1258.185,530.0317785099387,421.26690787678865,625.6144923819496,1.5464416192915726,1.391929466736896,1.7787182244370812
1.0,3.0,34,0.47235045,0.31042567,0.583176,1168.27,819.11096,1352.29,672.9458911333971,476.7019332457179,782.6386580498926,1.6854704958985212,1.5307791513567446,2.029312362907015
1.0,3.0,35,0.53512097,0.38570499,0.6804039225,1052.9469469913206,803.4353375,1321.57,574.6415980386128,452.9032664998648,759.1020360590137,1.8125655028418755,1.557410267029463,2.181975401221452
1.0,3.0,36,0.540301775,0.3558369,0.6789468000000001,1083.25515,898.74465,1311.425,512.3728398815113,404.3684383003785,606.5750810872956,1.7786639723950506,1.6126538775444663,2.0353473781045244
1.0,3.0,37,0.494084835,0.33745497999999996,0.6472666499999999,1058.17,821.0262849999999,1289.8534173595122,627.8992480126958,488.7026257346966,810.1112391158522,1.8909343683607311,1.6195998965394465,2.138761151867319
1.0,3.0,38,0.791679815,0.6390058225,0.91319532,889.9185791015625,676.2433354177908,1070.72,548.9429972566105,467.028774324982,753.4529972090007,1.7330879019644643,1.6297005690953037,1.9605681779655955
1.0,3.0,39,0.6882199,0.5310467,0.82090865,927.542991284387,775.72545,1088.955,585.7421193307804,492.8958745191571,824.4450259505468,1.9209350190149383,1.6478975280347632,2.2923789238879904
1.0,3.0,40,0.7893423,0.6161095,0.91531324,853.5231,723.8789948016662,1093.1644,650.614465041693,507.5633269813319,799.5037385061528,0.0153337132573512,0.0059642219378766,0.0565214821433453
1.0,3.0,41,0.7996451,0.656926405,0.8928276075,787.11,688.7301151707901,908.75675,690.1526867132436,607.4375107143117,874.0463661210947,0.065884788476601,0.0409879217690223,0.1065725510337703
1.0,3.0,42,0.93422794,0.83722985,0.9723996,691.04,525.2159423828125,810.2,666.7292426740794,544.036926789753,841.6280293020453,0.1306664603562378,0.0845892061267356,0.1671584775761347
1.0,3.0,43,0.9753670999999999,0.9019821250000001,0.9944731375,599.1682375129719,467.1256805419922,724.6519914180342,684.9298851473477,572.9263357210592,878.7047028576917,0.1553784332694323,0.1011623641782076,0.1899040787366806
1.0,3.0,44,0.93289644,0.8287638150000001,0.9806109199999999,724.76,606.6311000000001,826.2307000000001,728.3531055936882,591.7035377986057,900.9185093278716,0.2150688839540695,0.1710051585634368,0.2380302588389322
1.0,4.0,17,0.9861819350000001,0.97042594,0.99854,478.0477135281823,271.4201875,639.170225,8.689273752376508,0.2862867366125323,12.80163773786586,1.601419456658086,1.107801165866643,2.3287122257902797
1.0,4.0,18,0.9795289,0.9498882125,0.9941142749999999,389.725,222.742965,565.9137499999999,0.9407223250427488,0.0,7.870898316269962,1.934395104541532,1.428877000771064,2.3864962859050785
1.0,4.0,19,0.96923566,0.93013686,0.9930192,389.2616,232.08,683.1311,0.8133056237929184,0.0,4.342501038687429,2.040328127191013,1.4339429668980257,2.4179279687264668
1.0,4.0,20,0.95570743,0.9095291,0.9870360499999999,431.4285,260.575,703.775,7.762320357300259,2.1327330998617495,17.538748068415053,1.9920757935250384,1.4914620242640928,2.5725015175831363
1.0,4.0,21,0.9475281,0.8993007075,0.9784521375,521.6407,327.27097249999997,827.412455,25.459813422499078,11.752449725834804,40.76494719766701,2.000211741999001,1.4623439736043577,2.588203957339235
1.0,4.0,22,0.929691635,0.8723241850000001,0.9622632625,585.93202,407.241395,942.0825,40.87616403366056,11.1244985674066,70.10032375517073,1.9783582169372362,1.5085653256170712,2.551861554367444
1.0,4.0,23,0.90112823,0.85137283,0.9484654299999999,579.9216,413.77279,784.0550000000001,66.93735264850193,29.497578466760988,114.22204978545047,2.238221493869834,1.7531990781975921,2.722033017124948
1.0,4.0,24,0.8672887,0.7832451250000001,0.938096125,743.675,503.93399250000004,1035.73615,95.79718309480363,63.95780777076131,131.05360640742217,2.1377808796262365,1.6086507234293594,2.4930218219694398
1.0,4.0,25,0.85478693,0.7887696,0.92815465,657.52,487.4,922.62,172.44777765696034,123.45919409659346,234.3094771113808,2.509240223253716,1.7840249201525606,2.809523097986555
1.0,4.0,26,0.841491,0.73897484,0.910865185,844.82,539.72128,1307.04725,212.01502670932624,150.21243019104426,282.97594703980906,2.227014577671121,1.612898977621951,2.812518913352581
1.0,4.0,27,0.787455765,0.6924767375,0.877575035,816.41347,606.437,989.7475,271.81495144232247,205.3571240579195,358.66593662803587,2.585356822679635,2.034098599141355,2.9505589976561644
1.0,4.0,28,0.781733225,0.69645472,0.876533275,867.65983,607.410475,1048.0225,314.78786658666536,253.96336481081312,391.4167407858715,2.495476558604046,1.9358033595194064,3.008007307760565
1.0,4.0,29,0.73288692,0.5934817125,0.8334188125,922.48035,694.9237,1203.225,337.9886324318468,264.1728998048527,432.41337643223244,2.5326006541436454,1.9597672900915666,2.854463226968283
1.0,4.0,30,0.720082535,0.6402447475,0.8113910400000001,910.3126500000001,760.851705,1062.695,421.3800767940093,357.436701182664,498.94133907480506,2.308571339898587,1.8676726448204237,2.7047008485007664
1.0,4.0,31,0.6543999,0.5005647,0.7407453,940.71,743.61,1159.66,480.033168569236,396.9113577675504,596.1559100441684,2.534691804740258,1.87505561454292,3.056358675523992
1.0,4.0,32,0.61262757,0.5143867,0.6770957,1000.28,832.02,1213.97,617.3279832187457,514.430851333544,746.76538755977,2.8742317665100345,2.106118209734391,3.6404586093820335
1.0,4.0,33,0.5992196000000001,0.465284785,0.73427719,1005.85,834.1545974999999,1206.985,624.1848427981616,520.7451912192332,813.0151299781529,2.911925195659388,2.347426837030798,3.1724210636723775
1.0,4.0,34,0.553633,0.42664583,0.6497953375000001,1085.3492999999999,899.3602249999999,1275.8625,662.3472620802502,558.5974389006055,857.4176175125671,2.9058157958502804,2.0557403223616473,3.179265732111097
1.0,4.0,35,0.57095385,0.45777546,0.733584365,1066.7,849.005,1319.65,669.671588359467,558.1477051517337,814.2412955018799,2.78059351068817,2.1371214881173053,3.344775168440883
1.0,4.0,36,0.58711064,0.47714296,0.6680518,1096.49,907.69293,1394.56,667.3118265665228,542.815492137012,800.6478175937389,2.9578229552200583,2.099502988556374,3.30474216960276
1.0,4.0,37,0.5955669,0.445302845,0.759694975,1072.737,886.8017,1278.53,739.7988000728985,585.7004734096352,901.4844666752178,3.0564272762070885,2.111431206299498,3.339263565132012
1.0,4.0,38,0.7265309,0.52657895,0.949867335,986.88635,555.5649999999999,1239.6040750000002,747.1843530907863,628.7570071111628,960.3138647396611,3.076614646730861,2.2820892713672523,3.5442135229388403
1.0,4.0,39,0.882871775,0.7013335075,0.9754127875,794.745,510.96875,1036.882025,740.3362168679131,545.3222665656601,831.9636832848837,2.272394535253289,0.0354882619138716,3.216842779324885
1.0,4.0,40,0.86995494,0.7231303,0.9722333,840.1,434.39,1212.37,736.5365197932989,512.208219738603,842.588741607571,0.0332809733410825,0.0129766695452315,0.0695480764599665
1.0,4.0,41,0.946862325,0.7760391875,0.98421715,702.565,401.14645,1104.41,792.8778997081855,564.1038673476921,994.9643557171856,0.11511701390152776,0.0647934783902535,0.1474071775175705
1.0,4.0,42,0.9333288,0.86066735,0.9769273999999999,579.7363251203124,473.8297571886716,829.31,793.9751188617404,610.9753052426954,931.1330922146321,0.178613977476415,0.13443942680964896,0.26389009788744383
1.0,4.0,43,0.9576126,0.897260485,0.98757695,523.18,337.88161,682.66,813.936439520637,570.444382263313,950.3263785809611,0.2387260288838302,0.1485933187632326,0.3034649251855018
1.0,4.0,44,0.9709873499999999,0.9385762475,0.9909012625,424.07482000000005,261.7215675,532.9388701904297,832.6964479238793,710.5444308368321,914.3286215589536,0.3658625919524017,0.2318504890379356,0.4173366956545359
1.0,5.0,17,0.9310102,0.86863196,0.9766413,1812.908,1533.5432,1896.8696,0.0,0.0,0.0,0.4856789909746932,0.3162432792607973,0.8021240616138832
1.0,5.0,18,0.974480675,0.9291985475,0.99472834,1542.0468,738.3041875,1842.52285,0.0,0.0,0.0,0.6204921893264048,0.4755731929822845,1.7712690536150038
1.0,5.0,19,0.95056605,0.8980127499999999,0.98378883,1557.0264,805.78568,1868.97965,0.0,0.0,0.7901126922740919,0.5865239856720658,0.44827479109908086,1.7121432609392715
1.0,5.0,20,0.9286477,0.8699669,0.96959084,1559.6229,750.323,1866.1364,0.0,0.0,6.0562849072581,0.6556605035566251,0.4819491459997831,2.062968833775584
1.0,5.0,21,0.934757,0.85104054,0.9777246,1668.8398,907.64386,1897.7899,0.0,0.0,4.110752469085644,0.6083292472016832,0.4544758518972819,1.021168463964117
1.0,5.0,22,0.8966067,0.83846763,0.947654975,1606.3518,797.04025,1888.6758,0.0238264295251791,0.0,24.708672909794423,0.6460727957033267,0.5019426684977938,2.0622391226215857
1.0,5.0,23,0.873752265,0.7872401250000001,0.9337463625,1783.8724000000002,899.2246475,1965.474975,1.129995356960896,0.0,35.01847136308687,0.6352943676769414,0.4868589062691744,2.029736570368303
1.0,5.0,24,0.8368041,0.7589395,0.90668976,1833.3041,971.0481,2001.6549,1.545164259537181,0.0,49.45032663160678,0.6389615672494939,0.5111035755451914,1.8379955388233085
1.0,5.0,25,0.77615775,0.695012375,0.8350719975,2018.7604000000001,1150.6675500000001,2179.85975,6.726223755107867,0.8798802586999525,55.62322113015646,0.6602400532175724,0.5345849176846804,1.1777859664715908
1.0,5.0,26,0.699760215,0.578382175,0.78527475,1902.48745,905.73752,2258.408125,50.669927787776736,13.406581100014499,182.4725372366139,0.8130124416161553,0.6072313394545833,2.320190472090862
1.0,5.0,27,0.6484154,0.5237210999999999,0.7211684199999999,2027.19,1035.2609499999999,2369.89375,68.96423112858933,22.50675955662417,194.73478750856225,0.7702616319901274,0.6106071979370258,2.3123514965567926
1.0,5.0,28,0.6293207,0.5322977,0.728576,1227.2568,891.0,2342.7231,155.13185303368698,44.25567608389172,268.61231452531075,1.229304506157757,0.693620311068182,2.401759250672009
1.0,5.0,29,0.605136,0.48847345,0.7321402,2232.6145,1198.1184,2456.42,65.12133277675615,24.02296888583307,194.8161747039512,0.7107023291958007,0.5837860773322988,1.3701478078301756
1.0,5.0,30,0.54922026,0.41396603,0.65919864,2292.05,1208.5017,2472.89,97.21065950951048,37.87702646054999,308.31386026576,0.8058297155233056,0.6696203702490322,2.2743792444071937
1.0,5.0,31,0.49484506,0.3292947,0.62663484,2281.68,1212.2784,2524.5603,143.4215724242024,54.97699027440025,372.9719564797911,0.8337459448213266,0.701197128955596,2.3969995796405983
1.0,5.0,32,0.48458037,0.32991686,0.64444643,2202.618,1290.7186,2434.471,152.21815568185204,61.17291469160455,452.6116733678254,0.8503771005569797,0.6589532215738384,2.111210454532805
1.0,5.0,33,0.50548494,0.378274905,0.645508945,2256.8413,1588.05625,2499.3075,120.37812848616328,67.7992492396098,328.719177748252,0.8749785041326644,0.7727704233143361,1.174853148460186
1.0,5.0,34,0.5912,0.3777997,0.8601545,1953.746,1305.3761,2278.7998,206.80875301741696,88.52457799000088,469.4734397169672,0.8508914952581321,0.7372520914982513,2.5982219481818496
1.0,5.0,35,0.64904433,0.47902223,0.81438655,1994.41,1446.446,2181.5046,173.25737800358633,93.58187019659516,423.3375432125689,0.8439558931337562,0.7601286731783161,1.44765447908912
1.0,5.0,36,0.6269240199999999,0.48416451499999996,0.7870097375,2026.61965,1350.5653,2186.745175,207.9147872326226,62.584031174378964,516.8930750228337,0.949475105403467,0.7920009905878964,2.587028852936192
1.0,5.0,37,0.72936565,0.52912533,0.8499606,1951.88,1559.5786,2174.7063,150.10510415897713,59.81824200650188,412.2032895463421,0.8971429324054828,0.7759745594918495,1.2114632863636945
1.0,5.0,38,0.7756352,0.6199487,0.9332224,1928.1453,1534.6378,2187.8916,134.78572350256474,57.634508020579496,287.39600838225124,0.8804666668044733,0.7618795828217525,1.119815691895955
1.0,5.0,39,0.87779236,0.71750208,0.964349575,1793.0356,1286.6237,1969.7806,162.63979945333162,62.88253868607842,366.6234392039237,0.9009335029877714,0.7724410231014665,1.2575123226044185
1.0,5.0,40,0.91538385,0.773754095,0.972237395,1751.57785,1130.400825,1949.8202,165.88616103206854,91.93437577512002,355.7916573726226,0.0160381668004777,0.0035209602149681002,0.03825077676963
1.0,5.0,41,0.9411242049999999,0.8031520200000001,0.9850994525,1791.14985,1284.009175,1909.811525,136.49098544853962,58.56752303861418,371.3040977127078,0.0456941795371332,0.0214619229959804,0.08553793563128442
1.0,5.0,42,0.97409135,0.92335897,0.9904595,1548.1663,1077.8418000000001,1854.21285,167.84726991526026,60.383012975677616,386.4899932180118,0.0794698574040972,0.048939530988439756,0.1768040240031616
1.0,5.0,43,0.96866885,0.9065336075,0.9889501325,1639.0476928710937,1076.0772,1867.865925,195.2125370748641,63.57268141293058,473.441671009498,0.0886404249986503,0.0596792536463497,0.2056011000802469
1.0,5.0,44,0.9099963499999999,0.83691695,0.965098725,1701.78,1296.7801,1974.2678,208.21694643714528,95.17324929932296,454.9263579538823,0.0686687301969451,0.0540178329328547,0.09609363207034946
1.0,6.0,17,0.9909083299999999,0.9825396875,0.9970454,1041.0,804.5,1266.25,10.8137398988278,0.0,21.6274797976556,1.850136985900325,1.504716208226366,2.195557763574284
1.0,6.0,18,0.98421866,0.9563413924999999,0.9945462199999999,549.91385,356.78611249999994,955.4717543150009,0.0,0.0,2.870968858703062,2.068362120974176,1.758734400623549,2.498337993603932
1.0,6.0,19,0.97758776,0.9472366,0.9939954,687.38806,444.77878,1206.8375244140625,3.185642254149512,0.0,10.967276805228156,2.0663238700442155,1.4554524005690397,2.422786651565727
1.0,6.0,20,0.96783648,0.9322783375,0.98769285,773.361815,482.5139,1208.1905754106444,10.640455470252554,3.630401145315848,21.33339933366443,2.0557159065927024,1.539551055409912,2.4283331758516526
1.0,6.0,21,0.9586522,0.9125412,0.98355067,848.6324,534.2107,1214.9198297320802,18.54344879473509,7.21742864807397,36.76643491279187,2.034833737041485,1.554353216472836,2.3920988670811543
1.0,6.0,22,0.9499193699999999,0.8916689,0.97828438,855.2737,574.26038,1238.166482901001,33.9920425681719,14.432080373327299,60.17340632370764,1.9577576712997509,1.485729319179407,2.400459170127018
1.0,6.0,23,0.9349079,0.8727868,0.96877503,820.9,601.17,1195.8291,49.52228462041701,28.5223275201381,83.09641115216836,2.3789955140647265,1.86111897557598,2.705947455714003
1.0,6.0,24,0.9245857,0.8809115,0.95557845,823.369140625,656.91,1244.08,77.50951071960925,49.330248176880666,103.23449821609384,2.275432679927199,1.8214753663180605,2.6794613141009265
1.0,6.0,25,0.8722127,0.7907092,0.9340969,969.29785,730.91,1327.99,122.39215924342076,79.45214902048318,156.67458718563762,2.22952358687531,1.6600099683024736,2.763471700662205
1.0,6.0,26,0.8628805,0.772098185,0.90621955,980.6061328124999,742.5352625,1414.93,181.94553019652864,116.06951809193698,213.49780701178886,2.307329788794211,1.933133680998837,2.76351391683037
1.0,6.0,27,0.7823788,0.64903565,0.8572929025,1173.84615,883.1225000000001,1497.7274499999999,196.38071926934583,138.03584876513446,261.7026400166308,2.081764416040012,1.6178038567820365,2.5534284007886847
1.0,6.0,28,0.7354259,0.61440597,0.8286642399999999,1166.2892,867.5552299999999,1600.97,256.58510576831475,184.6546022032501,294.49023312527805,1.9860401868641449,1.669812823607666,2.7297410820135415
1.0,6.0,29,0.74194986,0.59304786,0.8117346,1192.9313,987.76996,1577.09,278.07320276985223,174.64784485695483,333.75451236085394,2.209699823379917,1.8163939702012395,2.6474902658502737
1.0,6.0,30,0.7135544,0.55432153,0.776018055,1252.5054,968.97527,1606.3454000000002,344.0714073808848,247.0235676382996,405.78791891030545,2.2905972262312257,1.9725275550222947,2.7995050362485383
1.0,6.0,31,0.58037747,0.3818999425,0.7430386775000001,1310.7321000000002,1034.886325,1654.050975,414.5772541449263,300.8508131673688,484.4226176913954,2.2578361947737857,1.7571948766905312,2.800457062242217
1.0,6.0,32,0.4785364,0.2878118,0.7011713,1351.0,1125.4949,1671.0,502.2868928977138,363.8641727169208,585.7437473898218,2.208495156904302,1.614956524219466,2.62503081612324
1.0,6.0,33,0.61581594,0.421354995,0.750208175,1387.6,1134.1769,1667.13,539.3344996363724,391.89509912186065,618.1675011712663,2.462056343637704,2.1254444432893953,3.0516347831683537
1.0,6.0,34,0.54951054,0.41665816,0.6689523,1333.15,1077.59,1542.0,574.6918790097883,443.5264729812896,659.1751323919868,2.8673072936842074,2.433545517726548,3.215435790596931
1.0,6.0,35,0.50813,0.30850723,0.6975419,1407.7942,1172.6417,1622.71,626.2698870141077,511.7917247718095,728.8670689916742,2.4502925719956736,1.8326951315109927,2.9998876940076844
1.0,6.0,36,0.50928865,0.3331938225,0.668759485,1411.1461,1160.7417500000001,1668.0695500000002,612.4009313813907,440.7489394369997,736.5827980619171,2.466195980506251,1.832312658318198,2.9981118321991183
1.0,6.0,37,0.5746159,0.41145995,0.70863025,1316.2516,1099.785,1622.9703,646.7645334580802,430.4548102234434,744.781414972212,2.571803533752396,2.0396535396690316,3.338641393976024
1.0,6.0,38,0.5517432,0.379439025,0.7851694499999999,1299.0021,1117.06725,1481.9882499999999,597.0270181886135,469.71473355240676,714.2155578028635,2.781706176922217,2.3816931185101784,3.4101020092883054
1.0,6.0,39,0.74512047,0.554873825,0.86454857,1187.17,965.613525,1393.99755,700.3146188269626,562.2749122085286,839.4177964603831,2.043825050476699,0.0792696912487198,3.0154149903387384
1.0,6.0,40,0.80272855,0.570969625,0.93756187,1132.2114000000001,882.8726,1420.8157032205688,697.3802844788355,505.5754609027221,814.5500138756331,0.0756380301025982,0.0299748814783606,0.10594819685357768
1.0,6.0,41,0.9365987,0.8129443000000001,0.98039655,954.162,591.483585,1193.4616139241703,645.2441203926048,515.2869697504889,773.8479943649702,0.1302250364340695,0.041024128807576,0.1952875107514641
1.0,6.0,42,0.9536318500000001,0.873127115,0.98486322,947.164185,476.0511375,1207.8198634049804,642.736925721847,504.4239468104888,811.4513670273915,0.21741298314228424,0.15170961853855747,0.4053561048418543
1.0,6.0,43,0.9551586750000001,0.8698233625,0.9858678275,889.619796533203,550.75325,1198.4981389742027,685.7034527896994,516.2030953617445,791.7242841379377,0.2209313783077959,0.13918325051324104,0.3396100592773044
1.0,6.0,44,0.97757995,0.92529744,0.987513175,775.09,506.075915,1102.6117113646633,718.7324964763694,558.1574583473888,788.7356476238103,0.3332848270741772,0.29876992114063583,0.37229479515430836
2.0,1.0,17,0.9748225,0.92868096,0.99465865,1832.4186,1824.324,1856.875920135625,0.0,0.0,0.0,0.3397305758315472,0.3157194867718404,0.3535338500998914
2.0,1.0,18,0.9984130499999999,0.9939286025,0.999963825,1628.4162000000001,1527.8113,1734.5410499999998,0.0,0.0,0.0,0.3177979790266431,0.2833249774978732,0.3564248823986078
2.0,1.0,19,0.99794346,0.990996,1.0,1697.4281,1607.8198,1805.5691,0.0,0.0,0.0,0.3175266586997636,0.2622102956357985,0.3716184628167008
2.0,1.0,20,0.9931334,0.9760006,0.99845046,1709.5459,1617.6862,1823.0015,0.0,0.0,0.0,0.2855509063064556,0.2466958351896698,0.3386832854453757
2.0,1.0,21,0.9841060500000001,0.9524325,0.9980435649999999,1773.88,1657.1441650390625,1859.324575,0.0,0.0,0.6117341439039337,0.3311654362219061,0.2714074495720727,0.405333132751827
2.0,1.0,22,0.9827714700000001,0.939673425,0.995739775,1735.7296317333985,1661.9223818076161,1843.6069,0.70466840542616,0.0,4.7137210349012175,0.3614452830457747,0.2920354440764519,0.4434984108487893
2.0,1.0,23,0.97549777,0.934050075,0.991955005,1734.56205,1625.8693750000002,1843.7140502424318,2.357533465061757,0.5046360727982983,7.601600361524854,0.3745050177615422,0.34393422445653177,0.4100672496827593
2.0,1.0,24,0.9365473,0.8471593,0.9680384,1846.5627,1772.0945,1921.4484,22.90618586341413,10.445454178682148,46.35457180628002,0.4031699780365747,0.3573009080079181,0.468089136316172
2.0,1.0,25,0.878950925,0.8086791725,0.9171422275000001,1898.31825,1851.592225,1959.9212,101.50048241981361,83.76986871936955,115.59339367843019,0.3829567200904347,0.34362135490567447,0.47657861063539586
2.0,1.0,26,0.85947585,0.75501966,0.935855,1894.15,1836.1287,1996.1261,121.3286558713326,89.71981408949462,165.10240674359665,0.448981913362849,0.4179415152214005,0.5242551803729759
2.0,1.0,27,0.6733098,0.53529665,0.79673524,1995.96605,1950.492625,2074.7446999999997,210.6266123609032,163.32904057064584,227.61414787576734,0.47207794275128223,0.3763477911453828,0.508574232798285
2.0,1.0,28,0.6979502,0.509388425,0.7922344325,1988.6949,1921.38395,2050.79865,274.79083703638145,232.93466634302672,304.5961951740316,0.46490127490859745,0.36329840085266685,0.525483643150986
2.0,1.0,29,0.53321625,0.35202128,0.691057715,2095.7307499999997,2031.190525,2159.0899999999997,252.4844782817048,151.6428135158673,274.74606362418723,0.5609320767182415,0.4786274590501759,0.6332053809418413
2.0,1.0,30,0.37546198,0.20909581,0.48913393000000005,2152.935,2089.952425,2189.940275,337.61091742986906,305.8909683961269,405.1910527372885,0.5430311326887071,0.5162284804573941,0.5678940829374383
2.0,1.0,31,0.484774,0.356419255,0.621870885,2088.58,2021.8123500000002,2164.4498,334.4585572618014,254.50170771054667,448.42823271122427,0.5550733339729683,0.5308972800567849,0.6940251611282591
2.0,1.0,32,0.16916542499999998,0.08143286,0.326557895,2203.27065,2155.5836999999997,2253.8382,412.42442148149826,396.0952837120815,446.7139830142977,0.636390455762903,0.5535915586722375,0.692301581957729
2.0,1.0,33,0.22675183,0.081747904,0.45730475,2213.2976,2096.4602,2255.7068,464.9966251144445,437.0457002009717,479.00212648007033,0.6425645847723539,0.5821740562959059,0.6939900556807331
2.0,1.0,34,0.39231434499999995,0.186405765,0.5748411849999999,2134.8900000000003,2056.8014249999997,2215.9474,505.1597568337574,420.18635623260775,539.3226457668085,0.6924518827180053,0.6155134721196431,0.7585165868024265
2.0,1.0,35,0.5507899,0.240484305,0.7998976849999999,2065.14,1943.1828,2192.75,546.0128895024143,510.711671524464,581.5733136130762,0.7084661286702932,0.6344664354187657,0.7425802655565272
2.0,1.0,36,0.6910558,0.5314935700000001,0.83284464,2027.10225,1924.18555,2070.1228499999997,520.421437292223,481.2489882088047,558.7445573626395,0.653162518818551,0.5413444327286413,0.708124786575833
2.0,1.0,37,0.7773247,0.651778535,0.8607891750000001,1966.7192,1873.78045,2057.40065,537.464107667419,498.7398176367981,567.093563401789,0.6705318306342427,0.6128983901661609,0.7145425584634328
2.0,1.0,38,0.82926345,0.75507435,0.927047075,1917.73585,1858.8911249999999,1999.8691,519.047535112949,484.2381420285624,562.8505124466238,0.7219186915609921,0.6664009239498824,0.7998713418688503
2.0,1.0,39,0.9459753200000001,0.8827369125,0.9837786749999999,1826.7006000000001,1731.9887999999999,1898.01035,555.4540405485302,511.02924409781536,594.1990269979786,0.6830857991616369,0.53406429614746,0.752356483782048
2.0,1.0,40,0.94949937,0.9000626,0.9856441,1770.8754,1681.7245,1868.1017,561.9883254832129,496.72466627858296,587.9358564473986,0.0164158029916069,0.008558522122142,0.0265160491091966
2.0,1.0,41,0.970547125,0.9294129175,0.9916562375,1771.5700000000002,1673.8491260314945,1861.315625,557.6227624654344,515.0180893525124,579.5816116970898,0.02408637669574215,0.019498134226082774,0.0347550983600964
2.0,1.0,42,0.9892126,0.973140275,0.99789108,1711.0724,1603.1542078048828,1823.9972,568.5383220822798,418.193057934357,608.3641352776676,0.0347927228211352,0.030146479670067748,0.0405721635289367
2.0,1.0,43,0.9892601299999999,0.9766197249999999,0.99420584,1718.0833360976562,1628.259575,1834.13485,520.499771014103,408.8176580421301,598.2660497622941,0.0418695260523366,0.031892978371889646,0.06016360279015115
2.0,1.0,44,0.9942812,0.9882098,0.99813044,1708.8839,1634.1808,1821.7676,505.8852808027572,418.193057934357,523.8798690370022,0.0575155757889478,0.0460237096480546,0.063847760305571
2.0,2.0,17,0.9945343,0.98853165,0.99794185,1123.0969981000055,929.0809003800013,1244.0,9.458270859892966,7.620445570453465,13.503586540462427,2.070833528505056,1.8493980053830377,2.164641598759163
2.0,2.0,18,0.9949802,0.98689747,0.99806327,1158.0,1053.0,1520.0,1.0931778925798614,0.0,11.649788395364244,1.5368545416442008,1.3354678120680354,1.850181057508909
2.0,2.0,19,0.98557705,0.967554975,0.9947683,1281.0,1122.5,1523.9414546700002,9.226877601203064,3.100315662381894,17.683681162122372,1.7048959401003605,1.4066640263557275,1.930327586853519
2.0,2.0,20,0.9826724,0.9545303749999999,0.99447025,1304.4322192500008,1124.0,1487.5,15.844277026018776,6.791011284137762,29.44979435983286,1.8781214840486586,1.6179124536974234,2.02907251227403
2.0,2.0,21,0.97857112,0.95767275,0.98727459,1367.5,1174.5,1585.75,19.365679224185463,11.869824349175598,32.019729758283454,1.7456150790920584,1.4807966907848549,1.9749623783234316
2.0,2.0,22,0.95894784,0.9212012,0.9785104,1430.0,1265.0,1694.0,42.71252463413715,26.79669508705009,63.911149506631695,1.740280513170025,1.4800775739340315,1.988514422389348
2.0,2.0,23,0.9788971,0.958780775,0.9891841,1385.0,1142.0,1666.0570443799998,21.1810388187634,6.904760861007165,61.29102587755236,1.8999240673521145,1.5281833146574146,2.1338005484491025
2.0,2.0,24,0.9502589,0.9102146,0.978208475,1522.0,1303.0,1680.0,68.38209919606814,20.84333390972364,116.79542712089473,1.8273259375383413,1.543366314222134,2.1060508095402692
2.0,2.0,25,0.9386704,0.8972615,0.96425337,1543.0,1388.0,1803.9006814,105.37988889530172,50.84390281332122,147.04420321410876,1.974357155964964,1.7058581960186352,2.209759483498976
2.0,2.0,26,0.920395255,0.8551294924999999,0.955990075,1584.0,1444.25,1840.6221297749998,162.8631377926156,81.86148623329959,229.3336084902225,2.088709331201465,1.7995272633137376,2.2535180567616964
2.0,2.0,27,0.8808093,0.795086,0.92303485,1689.0,1562.0,1905.0,220.8641014238356,160.39519711784752,287.62055987638416,2.00648198200162,1.808202721367272,2.272342111620027
2.0,2.0,28,0.848835335,0.7849285500000001,0.901479875,1719.0,1592.5,1991.25,278.0771856237309,209.95722896897556,338.3515994222235,2.0039557098519603,1.7148629543590383,2.2848917212219884
2.0,2.0,29,0.86700314,0.794775185,0.9252698500000001,1781.0,1582.5,1956.5,216.85767053725064,172.6552035867461,279.75872669306005,2.07485249007716,1.786916277653887,2.3228307338162804
2.0,2.0,30,0.77666515,0.671385335,0.873332115,1880.0,1710.5,2043.5,348.6304170544163,274.5423051772001,444.6415844973236,2.0804286488766723,1.841298577918871,2.3345695125603996
2.0,2.0,31,0.7683221,0.65385695,0.864464385,1884.0,1699.5,2068.5,358.7249601233794,308.8080160478871,451.4515364477033,2.087219891701806,1.8305294328595605,2.3421872203750325
2.0,2.0,32,0.63314605,0.529861,0.7769442,1979.0,1825.0,2159.0,495.7341220646478,425.962010790411,571.9963702308625,2.0945237048630383,1.802891632109258,2.3508119438848185
2.0,2.0,33,0.58455163,0.58455163,0.58455163,2193.0,2193.0,2193.0,832.630152497186,832.630152497186,832.630152497186,1.4123791236569154,1.4123791236569154,1.4123791236569154
2.0,2.0,34,0.55778736,0.43178737,0.6888938,2066.0,1919.0,2239.0,648.1562682598919,557.5096769167719,711.8252723615639,2.1183198026816448,1.898711426273732,2.3421679781072235
2.0,2.0,35,0.580368235,0.44620191,0.6819689175,2057.5,1905.5,2237.5,671.6256138370284,554.6230314238802,741.5385889515126,2.09896291652601,1.8241980767534545,2.416973759989319
2.0,2.0,36,0.573970855,0.45495715,0.67918745,2072.0,1924.25,2233.0,695.7320338526292,639.5111325241886,769.6436603320949,2.153621762499176,1.853325146628385,2.43153837262641
2.0,2.0,37,0.57376546,0.451087285,0.72176765,2035.0,1887.5,2254.5,694.0546630516332,584.4991817051218,770.6272216875357,2.258300940973464,2.0504584224137847,2.4989019467092923
2.0,2.0,38,0.620367175,0.48462794,0.8092488125,2008.5,1874.0,2173.75,779.2858508314702,724.1937886607261,858.0659146954204,2.268810034231987,1.8684075044536346,2.5898708882410832
2.0,2.0,39,0.75073045,0.54922515,0.892043675,1911.0,1653.4665158899995,2087.0,811.3725941654185,750.6519712323195,898.7808849202863,2.1730057785266834,1.7305251471249985,2.4608667390785897
2.0,2.0,40,0.70684654,0.50635093,0.9021917500000001,1961.0,1719.058705,2124.5,815.5096453359045,761.165389309331,918.476485555306,0.0003722936912176,1.358059736302483e-05,0.031931748282700845
2.0,2.0,41,0.8476847249999999,0.5150710025,0.96118298,1754.0,1447.5,2055.25,864.4465589738946,761.5319132020329,934.3355706381008,0.04774254149151055,0.0028585787342423,0.06970282818011811
2.0,2.0,42,0.89618372,0.7974847575,0.9496562749999999,1694.5,1551.0,1939.25,881.853493527635,800.9472827862327,934.6205089969848,0.0761644904925192,0.06664369820649083,0.1278774661381785
2.0,2.0,43,0.9654324999999999,0.913857715,0.98682725,1411.0,1199.5,1593.5,821.4735271557743,751.0091906139904,887.0012134727223,0.2640639903342867,0.16258224775888871,0.30761547108478543
2.0,2.0,44,0.94147465,0.900139025,0.9703551,1516.0,1374.7812385750003,1716.5,768.3594661877476,703.0989544921888,850.2194267943989,0.231117371312627,0.19201223998383948,0.286800591275963
2.0,3.0,17,0.98304612,0.9585571525000001,0.9938635425,1911.5,1886.0,2015.25,10.071728228533921,4.215644019669093,13.357602015380078,0.5861805259719353,0.49674502289357503,0.6553575287211842
2.0,3.0,18,0.9958209,0.9861893500000001,0.99994945,1905.0,1773.5,2014.0,0.0,0.0,2.041538633198249,0.721248539880851,0.6564393811739889,0.7898417616854155
2.0,3.0,19,0.9772509,0.9547281125,0.9913051374999999,1945.5683961500004,1844.5322968750002,2058.0,0.7568401419607604,0.0,7.541065545943732,0.6830922104628763,0.6156980723575388,0.7648975551697776
2.0,3.0,20,0.983308065,0.9668603649999999,0.9942492625,1923.0,1844.0,2060.5,3.1605795420392155,0.0,8.380030617395446,0.7051091607665125,0.648459660674342,0.7992243319591132
2.0,3.0,21,0.9719719,0.934580125,0.99093295,1968.0,1901.997517,2096.0,10.005082937531409,2.242439626041695,18.897014209790548,0.6881396915823382,0.6085732775340187,0.7598067878658682
2.0,3.0,22,0.9525932,0.9143993,0.98037675,2025.0,1927.8475255500005,2163.0,14.361848925918888,2.6516587968753247,25.913345396155076,0.7333268331665718,0.6743032908638806,0.8172229529265833
2.0,3.0,23,0.963995,0.92834353,0.9903724,2004.0,1898.0,2171.900016,29.22329327128827,14.328513710631167,44.00722628536936,0.7630838131291978,0.7213716417702807,0.8620058116363083
2.0,3.0,24,0.9145438,0.8543953049999999,0.95767815,2140.6849581000006,2036.0,2261.0,70.14158679126041,57.33046488778013,93.07638412407096,0.7627820021550266,0.6631617165615332,0.8457465645901286
2.0,3.0,25,0.9206289,0.8586131,0.96150446,2138.0,2021.0406785,2292.0,71.68780225480012,47.4570343913728,110.03330214139946,0.8335365893645463,0.764995513588087,0.9225477654142182
2.0,3.0,26,0.88261837,0.81436775,0.91846625,2246.0,2127.5,2371.5,155.93057655591224,81.54720192797836,200.50949723392557,0.8992763722885021,0.8222641010915586,0.9992233196124056
2.0,3.0,27,0.83406515,0.7700811175,0.9017702475,2335.0,2201.5,2426.75,190.28768794279728,103.5840802401476,282.75224689923385,0.8889976302802963,0.8464444430146956,0.982192945137685
2.0,3.0,28,0.7935236800000001,0.69557232,0.84078264,2370.0,2298.1727359999986,2445.403542,307.9821704934928,201.96222496141255,373.5201769561482,0.89944399341562,0.8525706712672646,0.997546051590958
2.0,3.0,29,0.79215896,0.7254625,0.8689346,2393.0,2309.0,2442.0,227.71884706234425,180.2751702944837,284.2826574017837,0.9640653698902776,0.9134306436768238,1.030055169688999
2.0,3.0,30,0.7602901,0.6830424,0.8331273,2430.0,2333.0,2500.0,323.13755623857065,242.8913130076165,432.484097625963,0.9628181562008812,0.8774210721425959,1.0326250312993346
2.0,3.0,31,0.7334027,0.63981987,0.8152661,2449.0,2363.0,2504.0,319.60291016253274,258.10961980787096,463.19878189007864,1.0002038632874857,0.9536398945205126,1.1274319083251003
2.0,3.0,32,0.6929212,0.55141866,0.77458215,2488.0,2403.0,2547.0,446.3892756610378,365.7564395377121,533.1900704919398,0.9892222631330176,0.9019436151179612,1.0676510320781554
2.0,3.0,33,0.6532680399999999,0.462021145,0.7529948,2503.5,2420.25,2548.0,530.2300269953851,459.1006805555479,587.6619585673207,1.0535227454656608,0.9913241349652282,1.1384070012861467
2.0,3.0,34,0.66190332,0.49765191249999996,0.7263652,2521.0,2434.25,2584.0,616.7769054794364,520.1460796725798,677.9314446051856,1.0195924256014959,0.9704636539243106,1.116152185034185
2.0,3.0,35,0.63777,0.47938068749999996,0.7354372125,2525.0,2451.25,2578.0,502.3306612939429,462.80755086034736,630.6355016282674,1.048706999462492,0.9890423355282132,1.1080784700072006
2.0,3.0,36,0.6229487,0.42076054,0.72657615,2533.0,2449.0,2597.0,608.7660437503957,525.7750513297802,711.5803853436676,1.0572873161202696,1.0234744371398126,1.1632928584920568
2.0,3.0,37,0.7817252,0.501451,0.8863657,2414.5,2236.5,2518.75,576.2076235656066,506.20136410427705,670.9038704621478,1.0782721380217997,1.0045219633033176,1.16533438029153
2.0,3.0,38,0.7659512,0.617481155,0.8766789,2422.5,2309.75,2535.25,659.2022937630674,557.2003491516219,763.6114658929221,1.1276102405836705,1.0613707618391928,1.2341784395995568
2.0,3.0,39,0.6279091,0.44032446,0.78840166,2526.0,2413.0,2612.0,796.2815277776334,697.5122047605842,840.5497714951125,0.8821970494388452,1.2874602930423862e-06,1.0568314477279384
2.0,3.0,40,0.7757295,0.5493822,0.9569549850000001,2408.0,2076.0,2579.0,711.6249261380718,607.3150638889045,837.9517767152896,0.000881139934681,4.285573766082962e-06,0.0080244316504422
2.0,3.0,41,0.9747806999999999,0.750083975,0.99161073,2022.5,1875.0,2400.25,699.3305485916519,577.2680984642423,766.410956717065,0.0323254698357331,0.0065859293476604,0.0381273339454336
2.0,3.0,42,0.9287938,0.78286848,0.98020905,2116.0,1984.6798357899997,2382.0,747.8320879592874,699.3305485916519,855.806293716583,0.0476745082821763,0.02454281733193725,0.051824536873378804
2.0,3.0,43,0.979935765,0.947991685,0.993234925,1936.0,1860.25,2109.25,709.9215692920022,636.1724546320141,828.5928306120114,0.09904789184826865,0.0499663483476954,0.11572548636508966
2.0,3.0,44,0.9746294,0.8876561199999999,0.9845398750000001,2105.0,1965.0,2179.0,617.8160689938511,554.1191469092856,769.2331339490192,0.128691144053945,0.1191722626389233,0.1398202703029386
2.0,4.0,17,0.99826477,0.97546604,0.999381125,1635.06640625,1462.4632680000004,1641.2420028296624,23.64722782601209,8.915805286522465,32.208765066014216,1.79526099962244,1.7680313809818224,1.8635063528000444
2.0,4.0,18,0.946333575,0.89433665,0.985099325,1477.0,1365.4071900000001,1593.0,17.11975620528427,6.988635600266093,30.228411614732895,1.7996880693146733,1.618986944907416,2.0486778524790132
2.0,4.0,19,0.9663756,0.9212210999999999,0.9899010349999999,1584.0,1444.5,1681.4229093931249,37.64286022246253,17.592940341660096,55.06139938617496,1.7811273302275057,1.6279024056348954,1.9216777389157176
2.0,4.0,20,0.988999925,0.958592435,0.9986473,1635.06640625,1387.999340375,1668.2602683402097,47.179704005562336,19.914731023862558,79.20883859477097,1.8339883563607384,1.705301652731783,1.9968136319562628
2.0,4.0,21,0.9682841200000001,0.90983438,0.99556245,1570.5,1457.25,1660.7853621826412,99.3729380098013,54.79138963999067,119.8248286507109,1.9764547780979744,1.8471324732967673,2.12150509552714
2.0,4.0,22,0.974461645,0.8935801525,0.9946681,1668.2942693611328,1554.25,1704.5763699673876,109.42234975063728,69.94346901500248,156.646626452998,1.85826354666978,1.6633420832167327,1.9886383294762788
2.0,4.0,23,0.95030445,0.8784791,0.997113375,1635.06640625,1544.5,1667.9772966655275,155.9226540432942,119.74970985699787,197.8953872531728,1.9764118537877848,1.884726751907198,2.0980826357372524
2.0,4.0,24,0.86945913,0.78732182,0.9878644725,1641.488744304077,1602.5,1755.2625,208.7372343456005,168.79417236746755,295.0601695883044,1.7789441990765162,1.7283545294663156,1.93523279654361
2.0,4.0,25,0.92995888,0.849337625,0.99401555,1673.9050667875144,1577.5,1748.3893773187256,210.6479212879572,127.6728456977618,275.8277075083249,2.039887125490605,1.8757709215457528,2.1819957543920454
2.0,4.0,26,0.85142386,0.7451,0.98333794,1690.257942485156,1593.0,1894.1,333.41099853447804,236.20677782316343,414.1578167631772,2.041523960306449,1.934107334644944,2.1893989915185417
2.0,4.0,27,0.8698063,0.7724799775,0.973576775,1744.7801164517136,1638.7998046875,1874.6512286,365.33824418614483,270.8918255785545,482.6479601307076,1.9569516549605575,1.8604042990938403,2.205214512071878
2.0,4.0,28,0.85959464,0.71302952,0.9689303149999999,1758.92,1654.7209421580078,1856.5,384.8712252361901,291.15281970227284,505.53954639909523,2.143384515229144,1.9818030704661704,2.3018866897885863
2.0,4.0,29,0.81415737,0.598323535,0.9635620500000001,1762.8123490524902,1691.3504445261717,1981.25,434.601931258385,363.9330400074478,564.8214171066852,2.028401019328899,1.938107062682727,2.2239250794250256
2.0,4.0,30,0.80776626,0.629130315,0.929464015,1790.9,1746.60302734375,1974.461602625,540.9384773926457,440.3634732096059,630.2402332334667,2.074269407248968,1.9393160233663629,2.224732656125475
2.0,4.0,31,0.70205005,0.567681305,0.8877900875,1798.705,1776.626025,2008.835570625,626.8209954445012,534.4525347191349,721.7594858474461,2.075972379365341,1.8792696475667936,2.227938064855021
2.0,4.0,32,0.5766821,0.19902649,0.776648615,1920.69,1813.05,2178.431588625,730.5870726359889,607.1722864136685,865.8377414764662,2.0712093046077698,1.942373607188296,2.231069861999072
2.0,4.0,33,0.58455163,0.58455163,0.58455163,2193.0,2193.0,2193.0,790.514054942599,675.4038681563845,838.1369478460211,2.2913118702738555,1.741838277881218,2.360803876804728
2.0,4.0,34,0.5153653899999999,0.3983696925,0.698554135,1901.5,1814.6222049,2093.0,887.0087471297821,811.3102330961102,972.5314209480583,2.0724741944454763,1.9506062186899344,2.2406697489503777
2.0,4.0,35,0.5167453,0.21886114,0.699044,1938.0,1841.845,2144.0,960.4510212929938,857.0504497837994,1022.6814202230922,2.073627036157326,1.964199352824261,2.245811315488973
2.0,4.0,36,0.44018146,0.20945908000000002,0.54265668,2017.0,1929.1950000000002,2148.5,1043.6568442683997,958.2390578114442,1109.7590632281806,2.0739530877771664,1.9750799574829565,2.248356559048733
2.0,4.0,37,0.48276624,0.301057575,0.741716715,1960.0,1830.5,2080.5,1063.6086653566947,984.3945282427042,1169.3086216236363,2.0655576161252527,1.9472334772872237,2.486820599997216
2.0,4.0,38,0.43593833,0.30924743,0.699223,1983.1,1862.0,2110.0,1175.5081960388122,1091.4636057157509,1235.5522151516611,2.26245882193297,2.0730149237326425,2.515493768025806
2.0,4.0,39,0.30108303,0.23864955499999999,0.6451649374999999,2019.76,1907.25,2072.0,1272.2463038461003,1143.075512359282,1308.163530826554,2.1535878065501137,1.715004558891545,2.3451871745956425
2.0,4.0,40,0.41920903,0.23966558,0.71793795,1995.0,1869.0,2075.0,1312.5439476670406,1204.65810543343,1379.6517312757046,6.520840319851912e-05,6.84772279413437e-06,0.0069327609664708
2.0,4.0,41,0.38048908,0.19444717,0.7435712,1993.79,1835.26,2076.0,1333.7191966319456,1211.284219116368,1416.5207398986454,0.0017580076510461,0.0002336467309516,0.0490348906169749
2.0,4.0,42,0.44086397,0.20559236,0.7428582850000001,1966.9,1836.4299999999998,2049.385,1357.7916928208383,1231.0767314838636,1431.8425325276364,0.055840370655324,0.00176381013342335,0.0760136868796215
2.0,4.0,43,0.85694457,0.7443409400000001,0.9549369249999999,1754.6873891739258,1624.930375,1800.594482421875,1284.2391176785413,1191.786318962654,1367.9744833139732,0.1832129076360473,0.09316418906813986,0.22187572956695997
2.0,4.0,44,0.72419375,0.38467732,0.8957512,1804.71,1773.0,2043.31,1246.9159407554089,1067.835454983982,1309.710425860796,0.2049974384929669,0.1850961217107824,0.2195800926791386
2.0,5.0,18,0.97692215,0.9495504349999999,0.9918043,2123.0,2073.9386,2238.002,7.936875646867705,4.038420447813322,13.881388950391084,0.6463204171723795,0.59374651934883,0.6963886705587861
2.0,5.0,19,0.9594976500000001,0.9073428925,0.9932735500000001,2210.5604000000003,2085.8865,2292.75,17.02746957225888,9.441036832258792,25.29629383913879,0.664308857230445,0.5870340904495635,0.7258561238493719
2.0,5.0,20,0.98301598,0.9309569175,0.9991304649999999,2162.0344999999998,2077.0,2270.75,30.479049668831788,18.3630928048974,39.08223026872499,0.6823088279214817,0.5870358011027648,0.7579620852907745
2.0,5.0,21,0.9570747,0.908902275,0.99022685,2151.5115,2085.0,2274.0,37.49923976133268,25.55439560593592,69.64303934116934,0.707483793293342,0.6384603035064103,0.749537832323382
2.0,5.0,22,0.967489,0.938973545,0.9926929,2124.6716,2077.0,2244.969,49.91627474464477,30.107603700541016,71.6199768740369,0.6892514887166783,0.6447932622171209,0.7527959561495727
2.0,5.0,23,0.9668153150000001,0.90737931,0.9859789375000001,2190.4547000000002,2084.41645,2243.0,104.14769514941469,67.46415958037309,154.88857074939523,0.7421807740182942,0.6892871978433646,0.8296526399850706
2.0,5.0,24,0.959238775,0.8625369,0.990598825,2155.5,2078.3328,2240.0,133.40217069494224,93.48349861651378,170.49048801763018,0.6951407853690943,0.6641468883688688,0.7700008524014357
2.0,5.0,25,0.93601006,0.85317575,0.971316265,2235.323,2166.5,2295.48365,207.20392893283392,126.48874459325026,272.3003684126387,0.81543202608783,0.8006091694235913,0.8954994437083137
2.0,5.0,26,0.9500185,0.88788354,0.9684747,2207.6462,2106.822,2290.9465,251.77785760746028,182.08564604649388,325.98001066629286,0.8151361956579387,0.7265138364790101,0.8395228123634872
2.0,5.0,27,0.85511125,0.7688928525000001,0.927699925,2289.5,2188.0,2357.5725,341.07564237677894,265.3137801390164,448.5865724116727,0.8186351411075528,0.7401735051662145,0.9230242740001664
2.0,5.0,28,0.8963611499999999,0.8377072,0.951853555,2241.225,2136.75,2316.25,489.7502953468696,363.3646711841986,571.9871948158268,0.8213510178056325,0.7714632876828489,0.9179890177278315
2.0,5.0,29,0.84207708,0.6864979275,0.927681075,2277.6285,2169.4560500000002,2332.4931500000002,587.2723064392962,482.2479480197636,689.7042722759908,0.8328141383851815,0.7702001322467965,0.8914646209855238
2.0,5.0,30,0.799857975,0.63458925,0.8968865500000001,2279.0,2175.0,2350.75,568.2218707088143,489.6927768452773,720.0970004892829,0.8328175738058761,0.781362563995124,0.903075273335509
2.0,5.0,31,0.81005946,0.6162058749999999,0.885361375,2286.0,2184.5,2350.25,632.8341424410445,578.2463042575787,770.0838824223272,0.8610916405761723,0.7824036110840709,0.9384129441352698
2.0,5.0,32,0.6601370200000001,0.4768499475,0.7977202125,2323.3004,2229.25,2397.43725,750.491726177069,683.8488617489459,900.175134822085,0.8712015319756965,0.7828176493891209,0.9449536449605064
2.0,5.0,33,0.61962134,0.39378151,0.7442033699999999,2361.1487,2263.7825000000003,2444.5,852.1788996218038,769.7491690261083,942.4211891215618,0.8902864467311495,0.8501215091434459,0.9454940570992498
2.0,5.0,34,0.36813924,0.264006375,0.61949936,2380.0,2307.5,2509.1632,1031.1700720999593,870.9899995412072,1128.149733144235,0.8905651485347938,0.8173205034389142,0.9248063906508222
2.0,5.0,35,0.310907175,0.1943673575,0.5536947225000001,2417.0,2318.25,2528.37,1010.8979051204094,943.2613117484052,1112.4601928838017,0.8908065565314232,0.8284129057637948,0.9368946480917428
2.0,5.0,36,0.29959751,0.1610167975,0.455234715,2419.65575,2350.75,2538.6797500000002,1069.3435899380734,1023.9813237989878,1166.1411641591808,0.8970392297657312,0.8272388547282032,0.9381556556687038
2.0,5.0,37,0.43671075,0.28916168,0.65623003,2372.0,2305.0,2486.0,1092.2000291779177,1053.670775138512,1169.3665489507398,0.9108504030563012,0.870829264248783,0.9470439621326048
2.0,5.0,38,0.2577208,0.17422867,0.60784316,2447.0,2353.0,2544.0,1169.6316272137651,1124.605058824721,1279.0705468193185,0.9392814956554753,0.8961367853033598,1.0011149764360106
2.0,5.0,39,0.35591757,0.18870296,0.63269204,2409.0,2325.0,2523.34,1292.2398754347053,1217.8989331679152,1344.717511083286,0.9439473731433204,0.8356228305050557,1.0199795506842086
2.0,5.0,40,0.46581345500000004,0.155018785,0.7779932,2384.2572,2292.25,2498.0083999999997,1290.0633057491993,1197.10996636697,1368.5134127152455,0.0012714726946053,1.2357663262463348e-05,0.017138669691334426
2.0,5.0,41,0.31653225,0.123098945,0.823347975,2402.2534,2297.5,2544.1949999999997,1288.6300499363688,1193.3218184914067,1382.1715335758645,0.0048122248482904,5.913100949328509e-06,0.030109704427289552
2.0,5.0,42,0.7363939,0.36496854,0.8898972,2289.0,2173.0,2430.0,1325.148287708848,1173.432802309448,1412.324004727497,0.0324633328453942,0.0086406744751563,0.0509165305046909
2.0,5.0,43,0.97672194,0.8980685,0.9947616,2143.0,2070.6104,2240.343,1270.741698539778,1199.0572511518308,1433.4434187922163,0.1199844122875646,0.0964534098249205,0.1282964313131493
2.0,5.0,44,0.99396414,0.9889522,0.9977876,2207.3262,1968.0,2283.0,1173.541189529123,1173.541189529123,1236.4432329499375,0.0826237919952355,0.0825594275482359,0.0829688607901235
